source,files,source_sheets,db_loaded_file_sheets
nsa,3,3,3
csd,13,238,225
chso,1,1,1
